x,computed,exact,rel_error,log10(error)
0,0.0090422,-0.000999503,10.0467,1.00202
0.001,0.0179844,0.00895021,1.00938,0.00405606
0.002,0.0268276,0.0178014,0.507049,-0.29495
0.003,0.0355728,0.0265546,0.339609,-0.469021
0.004,0.0442209,0.0352107,0.255893,-0.591942
0.005,0.052773,0.0437708,0.205666,-0.686838
0.006,0.0612299,0.0522357,0.172184,-0.764007
0.007,0.0695927,0.0606065,0.14827,-0.828945
0.008,0.0778622,0.068884,0.130337,-0.884932
0.009,0.0860394,0.0770692,0.116391,-0.934081
0.01,0.0941252,0.085163,0.105235,-0.977839
0.011,0.102121,0.0931664,0.0961092,-1.01724
0.012,0.110026,0.10108,0.0885055,-1.05303
0.013,0.117843,0.108905,0.0820727,-1.0858
0.014,0.125573,0.116642,0.07656,-1.116
0.015,0.133215,0.124293,0.0717833,-1.14398
0.016,0.140771,0.131857,0.0676047,-1.17002
0.017,0.148242,0.139336,0.0639185,-1.19437
0.018,0.155629,0.146731,0.0606428,-1.21722
0.019,0.162932,0.154042,0.0577127,-1.23873
0.02,0.170152,0.16127,0.0550763,-1.25904
0.021,0.177291,0.168417,0.0526917,-1.27826
0.022,0.184348,0.175482,0.0505246,-1.2965
0.023,0.191326,0.182467,0.0485466,-1.31384
0.024,0.198223,0.189373,0.0467341,-1.33037
0.025,0.205043,0.1962,0.0450672,-1.34614
0.026,0.211784,0.20295,0.0435291,-1.36122
0.027,0.218448,0.209622,0.0421054,-1.37566
0.028,0.225036,0.216218,0.0407841,-1.38951
0.029,0.231548,0.222738,0.0395543,-1.40281
0.03,0.237985,0.229183,0.0384071,-1.41559
0.031,0.244349,0.235554,0.0373343,-1.42789
0.032,0.250639,0.241852,0.0363291,-1.43975
0.033,0.256856,0.248078,0.0353852,-1.45118
0.034,0.263002,0.254231,0.0344973,-1.46221
0.035,0.269076,0.260313,0.0336606,-1.47288
0.036,0.27508,0.266325,0.0328708,-1.48319
0.037,0.281014,0.272267,0.0321241,-1.49317
0.038,0.286879,0.27814,0.0314171,-1.50283
0.039,0.292675,0.283945,0.0307467,-1.5122
0.04,0.298404,0.289682,0.0301103,-1.52129
0.041,0.304066,0.295352,0.0295052,-1.5301
0.042,0.309662,0.300955,0.0289293,-1.53866
0.043,0.315191,0.306493,0.0283806,-1.54698
0.044,0.320656,0.311966,0.0278572,-1.55506
0.045,0.326056,0.317374,0.0273573,-1.56293
0.046,0.331393,0.322718,0.0268795,-1.57058
0.047,0.336666,0.328,0.0264224,-1.57803
0.048,0.341877,0.333219,0.0259846,-1.58528
0.049,0.347026,0.338376,0.025565,-1.59235
0.05,0.352114,0.343472,0.0251625,-1.59925
0.051,0.357141,0.348507,0.0247761,-1.60597
0.052,0.362108,0.353482,0.0244048,-1.61252
0.053,0.367016,0.358397,0.0240478,-1.61892
0.054,0.371865,0.363254,0.0237043,-1.62517
0.055,0.376655,0.368053,0.0233736,-1.63127
0.056,0.381388,0.372793,0.023055,-1.63724
0.057,0.386064,0.377477,0.0227478,-1.64306
0.058,0.390683,0.382104,0.0224515,-1.64876
0.059,0.395246,0.386675,0.0221654,-1.65432
0.06,0.399754,0.391191,0.0218892,-1.65977
0.061,0.404207,0.395652,0.0216222,-1.6651
0.062,0.408605,0.400058,0.0213642,-1.67031
0.063,0.41295,0.404411,0.0211145,-1.67542
0.064,0.417241,0.40871,0.0208729,-1.68042
0.065,0.42148,0.412957,0.0206389,-1.68531
0.066,0.425667,0.417152,0.0204123,-1.69011
0.067,0.429802,0.421294,0.0201927,-1.69481
0.068,0.433885,0.425386,0.0199797,-1.69941
0.069,0.437918,0.429427,0.0197731,-1.70392
0.07,0.441901,0.433418,0.0195727,-1.70835
0.071,0.445834,0.437359,0.0193781,-1.71269
0.072,0.449718,0.441251,0.0191891,-1.71694
0.073,0.453554,0.445094,0.0190055,-1.72112
0.074,0.457341,0.448889,0.0188271,-1.72522
0.075,0.46108,0.452637,0.0186536,-1.72924
0.076,0.464772,0.456337,0.0184849,-1.73318
0.077,0.468418,0.45999,0.0183208,-1.73706
0.078,0.472017,0.463598,0.0181611,-1.74086
0.079,0.47557,0.467159,0.0180056,-1.74459
0.08,0.479078,0.470675,0.0178542,-1.74826
0.081,0.482541,0.474146,0.0177067,-1.75186
0.082,0.48596,0.477572,0.0175629,-1.7554
0.083,0.489334,0.480954,0.0174229,-1.75888
0.084,0.492665,0.484293,0.0172863,-1.7623
0.085,0.495953,0.487589,0.0171531,-1.76566
0.086,0.499198,0.490842,0.0170232,-1.76896
0.087,0.5024,0.494052,0.0168965,-1.7722
0.088,0.505561,0.497221,0.0167728,-1.77539
0.089,0.50868,0.500348,0.0166521,-1.77853
0.09,0.511758,0.503434,0.0165342,-1.78162
0.091,0.514796,0.50648,0.016419,-1.78465
0.092,0.517793,0.509485,0.0163066,-1.78764
0.093,0.520751,0.512451,0.0161967,-1.79057
0.094,0.523668,0.515376,0.0160893,-1.79346
0.095,0.526547,0.518263,0.0159843,-1.79631
0.096,0.529388,0.521111,0.0158817,-1.7991
0.097,0.53219,0.523921,0.0157813,-1.80186
0.098,0.534954,0.526693,0.0156831,-1.80457
0.099,0.53768,0.529428,0.0155871,-1.80723
0.1,0.540369,0.532125,0.0154931,-1.80986
0.101,0.543022,0.534786,0.0154012,-1.81245
0.102,0.545638,0.53741,0.0153112,-1.81499
0.103,0.548218,0.539998,0.0152231,-1.8175
0.104,0.550763,0.54255,0.0151368,-1.81997
0.105,0.553272,0.545067,0.0150523,-1.8224
0.106,0.555746,0.547549,0.0149695,-1.82479
0.107,0.558185,0.549996,0.0148885,-1.82715
0.108,0.56059,0.552409,0.014809,-1.82947
0.109,0.562961,0.554788,0.0147312,-1.83176
0.11,0.565299,0.557134,0.0146549,-1.83402
0.111,0.567603,0.559446,0.0145801,-1.83624
0.112,0.569874,0.561725,0.0145068,-1.83843
0.113,0.572113,0.563972,0.0144349,-1.84059
0.114,0.574319,0.566186,0.0143644,-1.84271
0.115,0.576493,0.568368,0.0142952,-1.84481
0.116,0.578636,0.570519,0.0142274,-1.84687
0.117,0.580747,0.572638,0.0141609,-1.84891
0.118,0.582828,0.574727,0.0140956,-1.85092
0.119,0.584877,0.576784,0.0140315,-1.8529
0.12,0.586896,0.578811,0.0139686,-1.85485
0.121,0.588885,0.580808,0.0139069,-1.85677
0.122,0.590845,0.582775,0.0138463,-1.85867
0.123,0.592774,0.584713,0.0137869,-1.86053
0.124,0.594675,0.586621,0.0137284,-1.86238
0.125,0.596546,0.588501,0.0136711,-1.8642
0.126,0.598389,0.590352,0.0136148,-1.86599
0.127,0.600204,0.592174,0.0135594,-1.86776
0.128,0.60199,0.593969,0.0135051,-1.8695
0.129,0.603749,0.595735,0.0134517,-1.87122
0.13,0.60548,0.597474,0.0133992,-1.87292
0.131,0.607184,0.599186,0.0133477,-1.87459
0.132,0.60886,0.600871,0.013297,-1.87624
0.133,0.610511,0.602529,0.0132473,-1.87787
0.134,0.612134,0.60416,0.0131983,-1.87948
0.135,0.613732,0.605766,0.0131502,-1.88107
0.136,0.615303,0.607345,0.0131029,-1.88263
0.137,0.616849,0.608899,0.0130565,-1.88417
0.138,0.61837,0.610428,0.0130107,-1.8857
0.139,0.619865,0.611931,0.0129658,-1.8872
0.14,0.621336,0.613409,0.0129216,-1.88868
0.141,0.622781,0.614863,0.0128781,-1.89015
0.142,0.624203,0.616292,0.0128353,-1.89159
0.143,0.6256,0.617698,0.0127933,-1.89302
0.144,0.626973,0.619079,0.0127519,-1.89442
0.145,0.628323,0.620436,0.0127112,-1.89581
0.146,0.629649,0.62177,0.0126711,-1.89718
0.147,0.630952,0.623081,0.0126317,-1.89854
0.148,0.632232,0.624369,0.012593,-1.89987
0.149,0.633489,0.625634,0.0125548,-1.90119
0.15,0.634723,0.626877,0.0125172,-1.90249
0.151,0.635936,0.628097,0.0124803,-1.90378
0.152,0.637126,0.629295,0.0124439,-1.90504
0.153,0.638294,0.630471,0.0124081,-1.9063
0.154,0.639441,0.631626,0.0123728,-1.90753
0.155,0.640566,0.632759,0.0123381,-1.90875
0.156,0.64167,0.633871,0.0123039,-1.90996
0.157,0.642753,0.634962,0.0122703,-1.91115
0.158,0.643815,0.636032,0.0122371,-1.91232
0.159,0.644857,0.637082,0.0122045,-1.91348
0.16,0.645878,0.638111,0.0121724,-1.91462
0.161,0.646879,0.63912,0.0121407,-1.91576
0.162,0.64786,0.640109,0.0121096,-1.91687
0.163,0.648821,0.641078,0.0120789,-1.91797
0.164,0.649763,0.642027,0.0120486,-1.91906
0.165,0.650685,0.642958,0.0120188,-1.92014
0.166,0.651588,0.643869,0.0119895,-1.9212
0.167,0.652472,0.644761,0.0119606,-1.92225
0.168,0.653337,0.645634,0.0119321,-1.92328
0.169,0.654184,0.646488,0.0119041,-1.9243
0.17,0.655012,0.647324,0.0118764,-1.92531
0.171,0.655822,0.648142,0.0118492,-1.92631
0.172,0.656614,0.648942,0.0118223,-1.9273
0.173,0.657388,0.649723,0.0117959,-1.92827
0.174,0.658144,0.650487,0.0117698,-1.92923
0.175,0.658882,0.651234,0.0117441,-1.93018
0.176,0.659603,0.651963,0.0117188,-1.93112
0.177,0.660307,0.652675,0.0116939,-1.93204
0.178,0.660994,0.65337,0.0116693,-1.93296
0.179,0.661664,0.654048,0.0116451,-1.93386
0.18,0.662318,0.654709,0.0116212,-1.93475
0.181,0.662955,0.655354,0.0115976,-1.93563
0.182,0.663575,0.655983,0.0115744,-1.9365
0.183,0.664179,0.656595,0.0115515,-1.93736
0.184,0.664768,0.657191,0.011529,-1.93821
0.185,0.66534,0.657771,0.0115067,-1.93905
0.186,0.665897,0.658336,0.0114848,-1.93988
0.187,0.666438,0.658885,0.0114632,-1.9407
0.188,0.666963,0.659418,0.0114419,-1.9415
0.189,0.667474,0.659937,0.0114208,-1.9423
0.19,0.667969,0.66044,0.0114001,-1.94309
0.191,0.668449,0.660928,0.0113797,-1.94387
0.192,0.668915,0.661402,0.0113595,-1.94464
0.193,0.669366,0.661861,0.0113397,-1.9454
0.194,0.669802,0.662305,0.0113201,-1.94615
0.195,0.670224,0.662735,0.0113007,-1.94689
0.196,0.670632,0.66315,0.0112817,-1.94763
0.197,0.671026,0.663552,0.0112629,-1.94835
0.198,0.671405,0.66394,0.0112444,-1.94906
0.199,0.671771,0.664314,0.0112261,-1.94977
0.2,0.672124,0.664674,0.0112081,-1.95047
0.201,0.672462,0.66502,0.0111903,-1.95116
0.202,0.672788,0.665354,0.0111728,-1.95184
0.203,0.6731,0.665674,0.0111555,-1.95251
0.204,0.673399,0.665981,0.0111384,-1.95318
0.205,0.673684,0.666274,0.0111216,-1.95383
0.206,0.673957,0.666555,0.011105,-1.95448
0.207,0.674218,0.666824,0.0110886,-1.95512
0.208,0.674465,0.667079,0.0110725,-1.95576
0.209,0.674701,0.667322,0.0110565,-1.95638
0.21,0.674923,0.667553,0.0110408,-1.957
0.211,0.675134,0.667772,0.0110253,-1.95761
0.212,0.675332,0.667978,0.01101,-1.95821
0.213,0.675519,0.668172,0.010995,-1.95881
0.214,0.675693,0.668355,0.0109801,-1.95939
0.215,0.675856,0.668526,0.0109654,-1.95998
0.216,0.676007,0.668685,0.0109509,-1.96055
0.217,0.676147,0.668832,0.0109366,-1.96112
0.218,0.676275,0.668968,0.0109226,-1.96168
0.219,0.676392,0.669093,0.0109087,-1.96223
0.22,0.676498,0.669207,0.0108949,-1.96277
0.221,0.676592,0.669309,0.0108814,-1.96331
0.222,0.676676,0.669401,0.0108681,-1.96385
0.223,0.676749,0.669482,0.0108549,-1.96437
0.224,0.676811,0.669552,0.0108419,-1.96489
0.225,0.676862,0.669611,0.0108291,-1.96541
0.226,0.676903,0.66966,0.0108165,-1.96591
0.227,0.676934,0.669698,0.010804,-1.96641
0.228,0.676954,0.669726,0.0107917,-1.96691
0.229,0.676963,0.669744,0.0107796,-1.9674
0.23,0.676963,0.669752,0.0107676,-1.96788
0.231,0.676953,0.669749,0.0107558,-1.96836
0.232,0.676933,0.669737,0.0107441,-1.96883
0.233,0.676903,0.669715,0.0107327,-1.96929
0.234,0.676863,0.669683,0.0107213,-1.96975
0.235,0.676813,0.669642,0.0107101,-1.97021
0.236,0.676755,0.66959,0.0106991,-1.97065
0.237,0.676686,0.66953,0.0106882,-1.97109
0.238,0.676608,0.66946,0.0106775,-1.97153
0.239,0.676521,0.669381,0.0106669,-1.97196
0.24,0.676425,0.669293,0.0106564,-1.97239
0.241,0.67632,0.669196,0.0106461,-1.97281
0.242,0.676206,0.669089,0.010636,-1.97322
0.243,0.676083,0.668974,0.0106259,-1.97363
0.244,0.675951,0.66885,0.010616,-1.97404
0.245,0.67581,0.668718,0.0106063,-1.97444
0.246,0.675661,0.668576,0.0105967,-1.97483
0.247,0.675503,0.668426,0.0105872,-1.97522
0.248,0.675337,0.668268,0.0105778,-1.9756
0.249,0.675162,0.668101,0.0105686,-1.97598
0.25,0.674979,0.667926,0.0105595,-1.97636
0.251,0.674788,0.667743,0.0105505,-1.97673
0.252,0.674589,0.667552,0.0105416,-1.97709
0.253,0.674382,0.667352,0.0105329,-1.97745
0.254,0.674166,0.667145,0.0105243,-1.97781
0.255,0.673943,0.66693,0.0105158,-1.97816
0.256,0.673712,0.666707,0.0105074,-1.97851
0.257,0.673474,0.666476,0.0104991,-1.97885
0.258,0.673227,0.666238,0.010491,-1.97918
0.259,0.672973,0.665992,0.0104829,-1.97952
0.26,0.672712,0.665738,0.010475,-1.97985
0.261,0.672443,0.665477,0.0104672,-1.98017
0.262,0.672167,0.665209,0.0104595,-1.98049
0.263,0.671883,0.664933,0.0104519,-1.9808
0.264,0.671593,0.664651,0.0104444,-1.98112
0.265,0.671295,0.664361,0.010437,-1.98142
0.266,0.67099,0.664064,0.0104297,-1.98173
0.267,0.670678,0.66376,0.0104226,-1.98203
0.268,0.670359,0.663449,0.0104155,-1.98232
0.269,0.670033,0.663131,0.0104085,-1.98261
0.27,0.669701,0.662807,0.0104017,-1.9829
0.271,0.669362,0.662475,0.0103949,-1.98318
0.272,0.669016,0.662138,0.0103882,-1.98346
0.273,0.668664,0.661793,0.0103816,-1.98373
0.274,0.668305,0.661442,0.0103752,-1.98401
0.275,0.667939,0.661085,0.0103688,-1.98427
0.276,0.667567,0.660721,0.0103625,-1.98454
0.277,0.667189,0.660351,0.0103563,-1.9848
0.278,0.666805,0.659974,0.0103502,-1.98505
0.279,0.666414,0.659591,0.0103441,-1.98531
0.28,0.666018,0.659203,0.0103382,-1.98555
0.281,0.665615,0.658808,0.0103324,-1.9858
0.282,0.665206,0.658407,0.0103266,-1.98604
0.283,0.664791,0.658,0.0103209,-1.98628
0.284,0.66437,0.657587,0.0103154,-1.98652
0.285,0.663944,0.657169,0.0103099,-1.98675
0.286,0.663512,0.656744,0.0103044,-1.98698
0.287,0.663074,0.656314,0.0102991,-1.9872
0.288,0.66263,0.655878,0.0102939,-1.98742
0.289,0.66218,0.655437,0.0102887,-1.98764
0.29,0.661726,0.65499,0.0102836,-1.98785
0.291,0.661265,0.654537,0.0102786,-1.98807
0.292,0.660799,0.65408,0.0102737,-1.98827
0.293,0.660328,0.653616,0.0102688,-1.98848
0.294,0.659852,0.653148,0.010264,-1.98868
0.295,0.65937,0.652674,0.0102593,-1.98888
0.296,0.658883,0.652195,0.0102547,-1.98908
0.297,0.65839,0.65171,0.0102502,-1.98927
0.298,0.657893,0.651221,0.0102457,-1.98946
0.299,0.65739,0.650726,0.0102413,-1.98964
0.3,0.656883,0.650227,0.010237,-1.98983
0.301,0.65637,0.649722,0.0102327,-1.99001
0.302,0.655853,0.649212,0.0102285,-1.99019
0.303,0.655331,0.648698,0.0102244,-1.99036
0.304,0.654804,0.648179,0.0102204,-1.99053
0.305,0.654272,0.647655,0.0102164,-1.9907
0.306,0.653735,0.647126,0.0102125,-1.99087
0.307,0.653194,0.646593,0.0102086,-1.99103
0.308,0.652648,0.646055,0.0102049,-1.99119
0.309,0.652097,0.645512,0.0102012,-1.99135
0.31,0.651542,0.644965,0.0101975,-1.99151
0.311,0.650982,0.644413,0.010194,-1.99166
0.312,0.650418,0.643857,0.0101904,-1.99181
0.313,0.64985,0.643296,0.010187,-1.99195
0.314,0.649277,0.642731,0.0101836,-1.9921
0.315,0.6487,0.642162,0.0101803,-1.99224
0.316,0.648118,0.641589,0.010177,-1.99238
0.317,0.647532,0.641011,0.0101738,-1.99252
0.318,0.646942,0.640429,0.0101707,-1.99265
0.319,0.646348,0.639843,0.0101676,-1.99278
0.32,0.64575,0.639252,0.0101646,-1.99291
0.321,0.645148,0.638658,0.0101616,-1.99304
0.322,0.644541,0.63806,0.0101587,-1.99316
0.323,0.643931,0.637457,0.0101559,-1.99328
0.324,0.643317,0.636851,0.0101531,-1.9934
0.325,0.642699,0.636241,0.0101504,-1.99352
0.326,0.642077,0.635626,0.0101477,-1.99363
0.327,0.641451,0.635008,0.0101451,-1.99374
0.328,0.640821,0.634387,0.0101426,-1.99385
0.329,0.640187,0.633761,0.0101401,-1.99396
0.33,0.63955,0.633132,0.0101376,-1.99406
0.331,0.638909,0.632499,0.0101352,-1.99417
0.332,0.638265,0.631862,0.0101329,-1.99427
0.333,0.637617,0.631222,0.0101306,-1.99436
0.334,0.636965,0.630578,0.0101284,-1.99446
0.335,0.63631,0.629931,0.0101262,-1.99455
0.336,0.635651,0.62928,0.0101241,-1.99464
0.337,0.634989,0.628626,0.010122,-1.99473
0.338,0.634323,0.627968,0.01012,-1.99482
0.339,0.633654,0.627307,0.010118,-1.99491
0.34,0.632981,0.626642,0.0101161,-1.99499
0.341,0.632306,0.625974,0.0101142,-1.99507
0.342,0.631626,0.625303,0.0101124,-1.99515
0.343,0.630944,0.624629,0.0101106,-1.99522
0.344,0.630258,0.623951,0.0101089,-1.9953
0.345,0.62957,0.62327,0.0101072,-1.99537
0.346,0.628878,0.622586,0.0101056,-1.99544
0.347,0.628182,0.621899,0.010104,-1.99551
0.348,0.627484,0.621208,0.0101024,-1.99557
0.349,0.626783,0.620515,0.010101,-1.99564
0.35,0.626078,0.619819,0.0100995,-1.9957
0.351,0.625371,0.619119,0.0100981,-1.99576
0.352,0.624661,0.618417,0.0100968,-1.99582
0.353,0.623947,0.617711,0.0100955,-1.99587
0.354,0.623231,0.617003,0.0100942,-1.99593
0.355,0.622512,0.616291,0.010093,-1.99598
0.356,0.62179,0.615577,0.0100918,-1.99603
0.357,0.621065,0.61486,0.0100907,-1.99608
0.358,0.620337,0.614141,0.0100896,-1.99613
0.359,0.619606,0.613418,0.0100886,-1.99617
0.36,0.618873,0.612693,0.0100876,-1.99621
0.361,0.618137,0.611965,0.0100866,-1.99625
0.362,0.617398,0.611234,0.0100857,-1.99629
0.363,0.616657,0.6105,0.0100848,-1.99633
0.364,0.615913,0.609764,0.010084,-1.99637
0.365,0.615166,0.609025,0.0100832,-1.9964
0.366,0.614417,0.608284,0.0100825,-1.99643
0.367,0.613665,0.60754,0.0100818,-1.99646
0.368,0.612911,0.606794,0.0100811,-1.99649
0.369,0.612154,0.606045,0.0100805,-1.99652
0.37,0.611395,0.605293,0.0100799,-1.99654
0.371,0.610633,0.604539,0.0100793,-1.99657
0.372,0.609868,0.603783,0.0100788,-1.99659
0.373,0.609102,0.603024,0.0100784,-1.99661
0.374,0.608332,0.602263,0.010078,-1.99663
0.375,0.607561,0.601499,0.0100776,-1.99664
0.376,0.606787,0.600733,0.0100772,-1.99666
0.377,0.606011,0.599965,0.0100769,-1.99667
0.378,0.605232,0.599194,0.0100766,-1.99668
0.379,0.604452,0.598422,0.0100764,-1.99669
0.38,0.603668,0.597646,0.0100762,-1.9967
0.381,0.602883,0.596869,0.010076,-1.99671
0.382,0.602096,0.59609,0.0100759,-1.99672
0.383,0.601306,0.595308,0.0100758,-1.99672
0.384,0.600514,0.594524,0.0100758,-1.99672
0.385,0.59972,0.593738,0.0100758,-1.99672
0.386,0.598924,0.59295,0.0100758,-1.99672
0.387,0.598126,0.592159,0.0100759,-1.99672
0.388,0.597325,0.591367,0.0100759,-1.99671
0.389,0.596523,0.590572,0.0100761,-1.99671
0.39,0.595719,0.589776,0.0100762,-1.9967
0.391,0.594912,0.588977,0.0100764,-1.99669
0.392,0.594104,0.588177,0.0100767,-1.99668
0.393,0.593293,0.587374,0.0100769,-1.99667
0.394,0.592481,0.58657,0.0100773,-1.99666
0.395,0.591666,0.585763,0.0100776,-1.99664
0.396,0.59085,0.584955,0.010078,-1.99663
0.397,0.590032,0.584145,0.0100784,-1.99661
0.398,0.589212,0.583332,0.0100788,-1.99659
0.399,0.58839,0.582518,0.0100793,-1.99657
0.4,0.587566,0.581703,0.0100798,-1.99655
0.401,0.58674,0.580885,0.0100803,-1.99652
0.402,0.585913,0.580065,0.0100809,-1.9965
0.403,0.585084,0.579244,0.0100815,-1.99647
0.404,0.584253,0.578421,0.0100822,-1.99645
0.405,0.58342,0.577596,0.0100828,-1.99642
0.406,0.582585,0.576769,0.0100835,-1.99639
0.407,0.581749,0.575941,0.0100843,-1.99636
0.408,0.580911,0.575111,0.010085,-1.99632
0.409,0.580071,0.574279,0.0100858,-1.99629
0.41,0.57923,0.573446,0.0100867,-1.99625
0.411,0.578387,0.572611,0.0100875,-1.99621
0.412,0.577542,0.571774,0.0100884,-1.99618
0.413,0.576696,0.570936,0.0100894,-1.99614
0.414,0.575848,0.570096,0.0100903,-1.99609
0.415,0.574999,0.569254,0.0100913,-1.99605
0.416,0.574148,0.568411,0.0100923,-1.99601
0.417,0.573295,0.567567,0.0100934,-1.99596
0.418,0.572441,0.56672,0.0100945,-1.99592
0.419,0.571586,0.565873,0.0100956,-1.99587
0.42,0.570728,0.565023,0.0100967,-1.99582
0.421,0.56987,0.564173,0.0100979,-1.99577
0.422,0.56901,0.563321,0.0100991,-1.99572
0.423,0.568148,0.562467,0.0101003,-1.99566
0.424,0.567285,0.561612,0.0101016,-1.99561
0.425,0.56642,0.560755,0.0101029,-1.99555
0.426,0.565554,0.559897,0.0101042,-1.9955
0.427,0.564687,0.559038,0.0101056,-1.99544
0.428,0.563818,0.558177,0.010107,-1.99538
0.429,0.562948,0.557315,0.0101084,-1.99532
0.43,0.562077,0.556451,0.0101098,-1.99526
0.431,0.561204,0.555586,0.0101113,-1.99519
0.432,0.560329,0.55472,0.0101128,-1.99513
0.433,0.559454,0.553852,0.0101143,-1.99506
0.434,0.558577,0.552983,0.0101159,-1.995
0.435,0.557699,0.552113,0.0101174,-1.99493
0.436,0.556819,0.551241,0.0101191,-1.99486
0.437,0.555939,0.550369,0.0101207,-1.99479
0.438,0.555057,0.549495,0.0101224,-1.99472
0.439,0.554173,0.548619,0.0101241,-1.99464
0.44,0.553289,0.547743,0.0101258,-1.99457
0.441,0.552403,0.546865,0.0101276,-1.9945
0.442,0.551516,0.545986,0.0101293,-1.99442
0.443,0.550628,0.545106,0.0101312,-1.99434
0.444,0.549739,0.544224,0.010133,-1.99426
0.445,0.548848,0.543342,0.0101349,-1.99418
0.446,0.547957,0.542458,0.0101368,-1.9941
0.447,0.547064,0.541573,0.0101387,-1.99402
0.448,0.54617,0.540687,0.0101406,-1.99393
0.449,0.545275,0.5398,0.0101426,-1.99385
0.45,0.544378,0.538911,0.0101446,-1.99376
0.451,0.543481,0.538022,0.0101467,-1.99368
0.452,0.542583,0.537131,0.0101487,-1.99359
0.453,0.541683,0.53624,0.0101508,-1.9935
0.454,0.540783,0.535347,0.0101529,-1.99341
0.455,0.539881,0.534453,0.0101551,-1.99332
0.456,0.538978,0.533559,0.0101573,-1.99322
0.457,0.538074,0.532663,0.0101595,-1.99313
0.458,0.53717,0.531766,0.0101617,-1.99303
0.459,0.536264,0.530868,0.0101639,-1.99294
0.46,0.535357,0.529969,0.0101662,-1.99284
0.461,0.534449,0.529069,0.0101685,-1.99274
0.462,0.53354,0.528168,0.0101709,-1.99264
0.463,0.53263,0.527266,0.0101732,-1.99254
0.464,0.531719,0.526363,0.0101756,-1.99244
0.465,0.530808,0.52546,0.010178,-1.99234
0.466,0.529895,0.524555,0.0101805,-1.99223
0.467,0.528981,0.523649,0.010183,-1.99213
0.468,0.528067,0.522742,0.0101855,-1.99202
0.469,0.527151,0.521835,0.010188,-1.99191
0.47,0.526235,0.520926,0.0101905,-1.9918
0.471,0.525317,0.520017,0.0101931,-1.99169
0.472,0.524399,0.519106,0.0101957,-1.99158
0.473,0.52348,0.518195,0.0101984,-1.99147
0.474,0.52256,0.517283,0.010201,-1.99136
0.475,0.521639,0.51637,0.0102037,-1.99124
0.476,0.520717,0.515456,0.0102064,-1.99113
0.477,0.519794,0.514541,0.0102091,-1.99101
0.478,0.518871,0.513626,0.0102119,-1.99089
0.479,0.517946,0.512709,0.0102147,-1.99077
0.48,0.517021,0.511792,0.0102175,-1.99065
0.481,0.516095,0.510874,0.0102204,-1.99053
0.482,0.515168,0.509955,0.0102232,-1.99041
0.483,0.514241,0.509035,0.0102261,-1.99029
0.484,0.513312,0.508115,0.0102291,-1.99016
0.485,0.512383,0.507194,0.010232,-1.99004
0.486,0.511453,0.506272,0.010235,-1.98991
0.487,0.510522,0.505349,0.010238,-1.98979
0.488,0.509591,0.504425,0.010241,-1.98966
0.489,0.508659,0.503501,0.0102441,-1.98953
0.49,0.507726,0.502576,0.0102472,-1.9894
0.491,0.506792,0.50165,0.0102503,-1.98926
0.492,0.505857,0.500723,0.0102534,-1.98913
0.493,0.504922,0.499796,0.0102566,-1.989
0.494,0.503986,0.498868,0.0102598,-1.98886
0.495,0.503049,0.497939,0.010263,-1.98873
0.496,0.502112,0.49701,0.0102662,-1.98859
0.497,0.501174,0.496079,0.0102695,-1.98845
0.498,0.500235,0.495149,0.0102728,-1.98831
0.499,0.499296,0.494217,0.0102761,-1.98817
0.5,0.498355,0.493285,0.0102795,-1.98803
0.501,0.497415,0.492352,0.0102828,-1.98789
0.502,0.496473,0.491418,0.0102862,-1.98774
0.503,0.495531,0.490484,0.0102897,-1.9876
0.504,0.494588,0.489549,0.0102931,-1.98745
0.505,0.493645,0.488614,0.0102966,-1.98731
0.506,0.492701,0.487677,0.0103001,-1.98716
0.507,0.491756,0.486741,0.0103037,-1.98701
0.508,0.49081,0.485803,0.0103072,-1.98686
0.509,0.489864,0.484865,0.0103108,-1.98671
0.51,0.488918,0.483926,0.0103144,-1.98655
0.511,0.487971,0.482987,0.0103181,-1.9864
0.512,0.487023,0.482047,0.0103218,-1.98625
0.513,0.486074,0.481107,0.0103255,-1.98609
0.514,0.485125,0.480166,0.0103292,-1.98593
0.515,0.484176,0.479224,0.010333,-1.98578
0.516,0.483226,0.478282,0.0103367,-1.98562
0.517,0.482275,0.477339,0.0103405,-1.98546
0.518,0.481324,0.476396,0.0103444,-1.9853
0.519,0.480372,0.475452,0.0103482,-1.98513
0.52,0.479419,0.474507,0.0103521,-1.98497
0.521,0.478466,0.473562,0.0103561,-1.98481
0.522,0.477513,0.472616,0.01036,-1.98464
0.523,0.476559,0.47167,0.010364,-1.98447
0.524,0.475604,0.470724,0.010368,-1.98431
0.525,0.474649,0.469776,0.010372,-1.98414
0.526,0.473693,0.468829,0.0103761,-1.98397
0.527,0.472737,0.46788,0.0103802,-1.9838
0.528,0.47178,0.466932,0.0103843,-1.98362
0.529,0.470823,0.465982,0.0103884,-1.98345
0.53,0.469865,0.465032,0.0103926,-1.98328
0.531,0.468907,0.464082,0.0103968,-1.9831
0.532,0.467948,0.463131,0.010401,-1.98292
0.533,0.466989,0.46218,0.0104053,-1.98275
0.534,0.46603,0.461228,0.0104096,-1.98257
0.535,0.465069,0.460276,0.0104139,-1.98239
0.536,0.464109,0.459323,0.0104182,-1.98221
0.537,0.463148,0.45837,0.0104226,-1.98202
0.538,0.462186,0.457417,0.010427,-1.98184
0.539,0.461224,0.456462,0.0104314,-1.98166
0.54,0.460262,0.455508,0.0104359,-1.98147
0.541,0.459299,0.454553,0.0104404,-1.98128
0.542,0.458335,0.453597,0.0104449,-1.9811
0.543,0.457371,0.452642,0.0104494,-1.98091
0.544,0.456407,0.451685,0.010454,-1.98072
0.545,0.455442,0.450728,0.0104586,-1.98053
0.546,0.454477,0.449771,0.0104632,-1.98033
0.547,0.453512,0.448814,0.0104679,-1.98014
0.548,0.452546,0.447856,0.0104726,-1.97995
0.549,0.451579,0.446897,0.0104773,-1.97975
0.55,0.450613,0.445938,0.0104821,-1.97955
0.551,0.449645,0.444979,0.0104869,-1.97935
0.552,0.448678,0.444019,0.0104917,-1.97916
0.553,0.44771,0.443059,0.0104965,-1.97895
0.554,0.446741,0.442099,0.0105014,-1.97875
0.555,0.445772,0.441138,0.0105063,-1.97855
0.556,0.444803,0.440176,0.0105112,-1.97835
0.557,0.443834,0.439215,0.0105162,-1.97814
0.558,0.442864,0.438253,0.0105212,-1.97793
0.559,0.441893,0.43729,0.0105262,-1.97773
0.56,0.440923,0.436328,0.0105313,-1.97752
0.561,0.439952,0.435364,0.0105364,-1.97731
0.562,0.43898,0.434401,0.0105415,-1.9771
0.563,0.438008,0.433437,0.0105467,-1.97689
0.564,0.437036,0.432473,0.0105518,-1.97667
0.565,0.436064,0.431508,0.0105571,-1.97646
0.566,0.435091,0.430543,0.0105623,-1.97624
0.567,0.434117,0.429578,0.0105676,-1.97602
0.568,0.433144,0.428612,0.0105729,-1.97581
0.569,0.43217,0.427646,0.0105783,-1.97559
0.57,0.431196,0.42668,0.0105836,-1.97537
0.571,0.430221,0.425713,0.010589,-1.97514
0.572,0.429246,0.424746,0.0105945,-1.97492
0.573,0.428271,0.423779,0.0106,-1.9747
0.574,0.427295,0.422811,0.0106055,-1.97447
0.575,0.42632,0.421843,0.010611,-1.97424
0.576,0.425343,0.420875,0.0106166,-1.97401
0.577,0.424367,0.419906,0.0106222,-1.97378
0.578,0.42339,0.418938,0.0106279,-1.97355
0.579,0.422413,0.417968,0.0106335,-1.97332
0.58,0.421435,0.416999,0.0106393,-1.97309
0.581,0.420458,0.416029,0.010645,-1.97285
0.582,0.41948,0.415059,0.0106508,-1.97262
0.583,0.418501,0.414088,0.0106566,-1.97238
0.584,0.417523,0.413118,0.0106625,-1.97214
0.585,0.416544,0.412147,0.0106683,-1.9719
0.586,0.415564,0.411175,0.0106743,-1.97166
0.587,0.414585,0.410204,0.0106802,-1.97142
0.588,0.413605,0.409232,0.0106862,-1.97118
0.589,0.412625,0.40826,0.0106923,-1.97093
0.59,0.411645,0.407287,0.0106983,-1.97068
0.591,0.410664,0.406315,0.0107044,-1.97044
0.592,0.409683,0.405342,0.0107106,-1.97019
0.593,0.408702,0.404368,0.0107167,-1.96994
0.594,0.407721,0.403395,0.0107229,-1.96969
0.595,0.406739,0.402421,0.0107292,-1.96943
0.596,0.405757,0.401447,0.0107355,-1.96918
0.597,0.404775,0.400473,0.0107418,-1.96892
0.598,0.403792,0.399498,0.0107482,-1.96867
0.599,0.402809,0.398524,0.0107546,-1.96841
0.6,0.401827,0.397548,0.010761,-1.96815
0.601,0.400843,0.396573,0.0107675,-1.96789
0.602,0.39986,0.395598,0.010774,-1.96762
0.603,0.398876,0.394622,0.0107806,-1.96736
0.604,0.397892,0.393646,0.0107871,-1.96709
0.605,0.396908,0.39267,0.0107938,-1.96683
0.606,0.395924,0.391693,0.0108005,-1.96656
0.607,0.394939,0.390716,0.0108072,-1.96629
0.608,0.393954,0.389739,0.0108139,-1.96602
0.609,0.392969,0.388762,0.0108207,-1.96574
0.61,0.391984,0.387785,0.0108275,-1.96547
0.611,0.390998,0.386807,0.0108344,-1.96519
0.612,0.390012,0.385829,0.0108413,-1.96492
0.613,0.389026,0.384851,0.0108483,-1.96464
0.614,0.38804,0.383873,0.0108553,-1.96436
0.615,0.387054,0.382894,0.0108623,-1.96408
0.616,0.386067,0.381916,0.0108694,-1.96379
0.617,0.38508,0.380937,0.0108765,-1.96351
0.618,0.384093,0.379958,0.0108837,-1.96322
0.619,0.383106,0.378978,0.0108909,-1.96294
0.62,0.382118,0.377999,0.0108982,-1.96265
0.621,0.381131,0.377019,0.0109055,-1.96236
0.622,0.380143,0.376039,0.0109128,-1.96206
0.623,0.379155,0.375059,0.0109202,-1.96177
0.624,0.378166,0.374078,0.0109276,-1.96147
0.625,0.377178,0.373098,0.0109351,-1.96118
0.626,0.376189,0.372117,0.0109426,-1.96088
0.627,0.3752,0.371136,0.0109502,-1.96058
0.628,0.374211,0.370155,0.0109578,-1.96028
0.629,0.373222,0.369174,0.0109654,-1.95997
0.63,0.372233,0.368192,0.0109731,-1.95967
0.631,0.371243,0.367211,0.0109809,-1.95936
0.632,0.370253,0.366229,0.0109887,-1.95905
0.633,0.369263,0.365247,0.0109965,-1.95874
0.634,0.368273,0.364264,0.0110044,-1.95843
0.635,0.367283,0.363282,0.0110124,-1.95812
0.636,0.366292,0.3623,0.0110203,-1.9578
0.637,0.365301,0.361317,0.0110284,-1.95749
0.638,0.364311,0.360334,0.0110365,-1.95717
0.639,0.36332,0.359351,0.0110446,-1.95685
0.64,0.362328,0.358367,0.0110528,-1.95653
0.641,0.361337,0.357384,0.011061,-1.9562
0.642,0.360346,0.3564,0.0110693,-1.95588
0.643,0.359354,0.355417,0.0110776,-1.95555
0.644,0.358362,0.354433,0.011086,-1.95522
0.645,0.35737,0.353449,0.0110945,-1.95489
0.646,0.356378,0.352465,0.011103,-1.95456
0.647,0.355386,0.35148,0.0111115,-1.95423
0.648,0.354393,0.350496,0.0111201,-1.95389
0.649,0.353401,0.349511,0.0111287,-1.95355
0.65,0.352408,0.348526,0.0111375,-1.95321
0.651,0.351415,0.347541,0.0111462,-1.95287
0.652,0.350422,0.346556,0.011155,-1.95253
0.653,0.349429,0.345571,0.0111639,-1.95218
0.654,0.348435,0.344585,0.0111728,-1.95184
0.655,0.347442,0.3436,0.0111818,-1.95149
0.656,0.346448,0.342614,0.0111908,-1.95114
0.657,0.345454,0.341628,0.0111999,-1.95079
0.658,0.34446,0.340642,0.0112091,-1.95043
0.659,0.343466,0.339656,0.0112183,-1.95007
0.66,0.342472,0.33867,0.0112275,-1.94972
0.661,0.341478,0.337683,0.0112369,-1.94935
0.662,0.340483,0.336697,0.0112462,-1.94899
0.663,0.339489,0.33571,0.0112557,-1.94863
0.664,0.338494,0.334723,0.0112652,-1.94826
0.665,0.337499,0.333736,0.0112748,-1.94789
0.666,0.336504,0.332749,0.0112844,-1.94752
0.667,0.335509,0.331762,0.0112941,-1.94715
0.668,0.334514,0.330775,0.0113038,-1.94677
0.669,0.333518,0.329787,0.0113136,-1.9464
0.67,0.332523,0.3288,0.0113235,-1.94602
0.671,0.331527,0.327812,0.0113334,-1.94564
0.672,0.330531,0.326824,0.0113434,-1.94526
0.673,0.329535,0.325836,0.0113535,-1.94487
0.674,0.328539,0.324848,0.0113636,-1.94448
0.675,0.327543,0.32386,0.0113738,-1.94409
0.676,0.326547,0.322871,0.0113841,-1.9437
0.677,0.325551,0.321883,0.0113944,-1.94331
0.678,0.324554,0.320895,0.0114048,-1.94291
0.679,0.323558,0.319906,0.0114153,-1.94251
0.68,0.322561,0.318917,0.0114258,-1.94211
0.681,0.321564,0.317928,0.0114364,-1.94171
0.682,0.320567,0.316939,0.0114471,-1.9413
0.683,0.31957,0.31595,0.0114579,-1.9409
0.684,0.318573,0.314961,0.0114687,-1.94049
0.685,0.317576,0.313972,0.0114796,-1.94007
0.686,0.316579,0.312982,0.0114905,-1.93966
0.687,0.315581,0.311993,0.0115016,-1.93924
0.688,0.314584,0.311003,0.0115127,-1.93882
0.689,0.313586,0.310013,0.0115239,-1.9384
0.69,0.312588,0.309024,0.0115351,-1.93798
0.691,0.31159,0.308034,0.0115465,-1.93755
0.692,0.310592,0.307044,0.0115579,-1.93712
0.693,0.309594,0.306053,0.0115694,-1.93669
0.694,0.308596,0.305063,0.011581,-1.93626
0.695,0.307598,0.304073,0.0115926,-1.93582
0.696,0.3066,0.303083,0.0116043,-1.93538
0.697,0.305601,0.302092,0.0116161,-1.93494
0.698,0.304603,0.301101,0.011628,-1.93449
0.699,0.303604,0.300111,0.01164,-1.93405
0.7,0.302605,0.29912,0.0116521,-1.9336
0.701,0.301606,0.298129,0.0116642,-1.93314
0.702,0.300608,0.297138,0.0116764,-1.93269
0.703,0.299609,0.296147,0.0116887,-1.93223
0.704,0.298609,0.295156,0.0117011,-1.93177
0.705,0.29761,0.294165,0.0117136,-1.93131
0.706,0.296611,0.293173,0.0117262,-1.93084
0.707,0.295612,0.292182,0.0117389,-1.93037
0.708,0.294612,0.29119,0.0117516,-1.9299
0.709,0.293613,0.290199,0.0117644,-1.92943
0.71,0.292613,0.289207,0.0117774,-1.92895
0.711,0.291614,0.288215,0.0117904,-1.92847
0.712,0.290614,0.287224,0.0118035,-1.92799
0.713,0.289614,0.286232,0.0118167,-1.9275
0.714,0.288614,0.28524,0.01183,-1.92701
0.715,0.287614,0.284248,0.0118434,-1.92652
0.716,0.286614,0.283255,0.0118569,-1.92603
0.717,0.285614,0.282263,0.0118705,-1.92553
0.718,0.284614,0.281271,0.0118842,-1.92503
0.719,0.283613,0.280279,0.011898,-1.92453
0.72,0.282613,0.279286,0.0119119,-1.92402
0.721,0.281612,0.278294,0.0119259,-1.92351
0.722,0.280612,0.277301,0.01194,-1.92299
0.723,0.279611,0.276308,0.0119542,-1.92248
0.724,0.278611,0.275316,0.0119686,-1.92196
0.725,0.27761,0.274323,0.011983,-1.92144
0.726,0.276609,0.27333,0.0119975,-1.92091
0.727,0.275608,0.272337,0.0120121,-1.92038
0.728,0.274607,0.271344,0.0120269,-1.91985
0.729,0.273606,0.270351,0.0120418,-1.91931
0.73,0.272605,0.269358,0.0120567,-1.91877
0.731,0.271604,0.268364,0.0120718,-1.91823
0.732,0.270603,0.267371,0.012087,-1.91768
0.733,0.269601,0.266378,0.0121023,-1.91713
0.734,0.2686,0.265384,0.0121178,-1.91658
0.735,0.267599,0.264391,0.0121333,-1.91602
0.736,0.266597,0.263397,0.012149,-1.91546
0.737,0.265596,0.262404,0.0121648,-1.9149
0.738,0.264594,0.26141,0.0121807,-1.91433
0.739,0.263592,0.260416,0.0121968,-1.91376
0.74,0.262591,0.259422,0.0122129,-1.91318
0.741,0.261589,0.258428,0.0122292,-1.9126
0.742,0.260587,0.257435,0.0122456,-1.91202
0.743,0.259585,0.256441,0.0122622,-1.91143
0.744,0.258583,0.255446,0.0122789,-1.91084
0.745,0.257581,0.254452,0.0122957,-1.91025
0.746,0.256579,0.253458,0.0123127,-1.90965
0.747,0.255577,0.252464,0.0123298,-1.90905
0.748,0.254575,0.25147,0.012347,-1.90844
0.749,0.253572,0.250475,0.0123644,-1.90783
0.75,0.25257,0.249481,0.0123819,-1.90721
0.751,0.251568,0.248487,0.0123995,-1.9066
0.752,0.250565,0.247492,0.0124173,-1.90597
0.753,0.249563,0.246497,0.0124353,-1.90535
0.754,0.24856,0.245503,0.0124534,-1.90471
0.755,0.247558,0.244508,0.0124716,-1.90408
0.756,0.246555,0.243513,0.01249,-1.90344
0.757,0.245552,0.242519,0.0125085,-1.90279
0.758,0.244549,0.241524,0.0125272,-1.90214
0.759,0.243547,0.240529,0.0125461,-1.90149
0.76,0.242544,0.239534,0.0125651,-1.90083
0.761,0.241541,0.238539,0.0125843,-1.90017
0.762,0.240538,0.237544,0.0126037,-1.8995
0.763,0.239535,0.236549,0.0126232,-1.89883
0.764,0.238532,0.235554,0.0126428,-1.89816
0.765,0.237529,0.234559,0.0126627,-1.89747
0.766,0.236526,0.233563,0.0126827,-1.89679
0.767,0.235522,0.232568,0.0127029,-1.8961
0.768,0.234519,0.231573,0.0127233,-1.8954
0.769,0.233516,0.230578,0.0127438,-1.8947
0.77,0.232513,0.229582,0.0127645,-1.89399
0.771,0.231509,0.228587,0.0127855,-1.89328
0.772,0.230506,0.227591,0.0128065,-1.89257
0.773,0.229502,0.226596,0.0128278,-1.89185
0.774,0.228499,0.2256,0.0128493,-1.89112
0.775,0.227495,0.224604,0.012871,-1.89039
0.776,0.226492,0.223609,0.0128928,-1.88965
0.777,0.225488,0.222613,0.0129149,-1.88891
0.778,0.224484,0.221617,0.0129372,-1.88816
0.779,0.223481,0.220622,0.0129596,-1.88741
0.78,0.222477,0.219626,0.0129823,-1.88665
0.781,0.221473,0.21863,0.0130052,-1.88588
0.782,0.220469,0.217634,0.0130283,-1.88511
0.783,0.219465,0.216638,0.0130516,-1.88434
0.784,0.218461,0.215642,0.0130751,-1.88355
0.785,0.217458,0.214646,0.0130988,-1.88277
0.786,0.216453,0.21365,0.0131228,-1.88197
0.787,0.215449,0.212654,0.013147,-1.88117
0.788,0.214445,0.211658,0.0131714,-1.88037
0.789,0.213441,0.210661,0.0131961,-1.87955
0.79,0.212437,0.209665,0.013221,-1.87874
0.791,0.211433,0.208669,0.0132461,-1.87791
0.792,0.210429,0.207673,0.0132715,-1.87708
0.793,0.209424,0.206676,0.0132971,-1.87624
0.794,0.20842,0.20568,0.013323,-1.8754
0.795,0.207416,0.204683,0.0133491,-1.87455
0.796,0.206411,0.203687,0.0133755,-1.87369
0.797,0.205407,0.202691,0.0134022,-1.87282
0.798,0.204403,0.201694,0.0134291,-1.87195
0.799,0.203398,0.200697,0.0134563,-1.87107
0.8,0.202394,0.199701,0.0134837,-1.87019
0.801,0.201389,0.198704,0.0135115,-1.8693
0.802,0.200384,0.197708,0.0135395,-1.8684
0.803,0.19938,0.196711,0.0135678,-1.86749
0.804,0.198375,0.195714,0.0135964,-1.86658
0.805,0.197371,0.194717,0.0136253,-1.86565
0.806,0.196366,0.193721,0.0136545,-1.86472
0.807,0.195361,0.192724,0.013684,-1.86379
0.808,0.194356,0.191727,0.0137138,-1.86284
0.809,0.193352,0.19073,0.0137439,-1.86189
0.81,0.192347,0.189733,0.0137743,-1.86093
0.811,0.191342,0.188736,0.0138051,-1.85996
0.812,0.190337,0.187739,0.0138362,-1.85898
0.813,0.189332,0.186742,0.0138676,-1.858
0.814,0.188327,0.185745,0.0138994,-1.857
0.815,0.187322,0.184748,0.0139315,-1.856
0.816,0.186317,0.183751,0.013964,-1.85499
0.817,0.185312,0.182754,0.0139968,-1.85397
0.818,0.184307,0.181757,0.0140299,-1.85294
0.819,0.183302,0.18076,0.0140635,-1.85191
0.82,0.182297,0.179763,0.0140974,-1.85086
0.821,0.181292,0.178765,0.0141317,-1.84981
0.822,0.180286,0.177768,0.0141664,-1.84874
0.823,0.179281,0.176771,0.0142015,-1.84767
0.824,0.178276,0.175774,0.014237,-1.84658
0.825,0.177271,0.174776,0.0142728,-1.84549
0.826,0.176265,0.173779,0.0143092,-1.84439
0.827,0.17526,0.172781,0.0143459,-1.84327
0.828,0.174255,0.171784,0.014383,-1.84215
0.829,0.173249,0.170787,0.0144206,-1.84102
0.83,0.172244,0.169789,0.0144586,-1.83987
0.831,0.171239,0.168792,0.0144971,-1.83872
0.832,0.170233,0.167794,0.0145361,-1.83755
0.833,0.169228,0.166797,0.0145755,-1.83638
0.834,0.168222,0.165799,0.0146154,-1.83519
0.835,0.167217,0.164802,0.0146557,-1.83399
0.836,0.166211,0.163804,0.0146966,-1.83278
0.837,0.165206,0.162806,0.014738,-1.83156
0.838,0.1642,0.161809,0.0147799,-1.83033
0.839,0.163195,0.160811,0.0148223,-1.82909
0.84,0.162189,0.159813,0.0148652,-1.82783
0.841,0.161183,0.158816,0.0149087,-1.82656
0.842,0.160178,0.157818,0.0149527,-1.82528
0.843,0.159172,0.15682,0.0149973,-1.82399
0.844,0.158166,0.155822,0.0150425,-1.82268
0.845,0.15716,0.154824,0.0150882,-1.82136
0.846,0.156155,0.153827,0.0151346,-1.82003
0.847,0.155149,0.152829,0.0151815,-1.81868
0.848,0.154143,0.151831,0.0152291,-1.81733
0.849,0.153137,0.150833,0.0152773,-1.81595
0.85,0.152132,0.149835,0.0153261,-1.81457
0.851,0.151126,0.148837,0.0153756,-1.81317
0.852,0.15012,0.147839,0.0154258,-1.81175
0.853,0.149114,0.146841,0.0154767,-1.81032
0.854,0.148108,0.145843,0.0155282,-1.80888
0.855,0.147102,0.144845,0.0155805,-1.80742
0.856,0.146096,0.143847,0.0156335,-1.80594
0.857,0.14509,0.142849,0.0156872,-1.80445
0.858,0.144084,0.141851,0.0157417,-1.80295
0.859,0.143078,0.140853,0.015797,-1.80143
0.86,0.142072,0.139855,0.0158531,-1.79989
0.861,0.141066,0.138857,0.0159099,-1.79833
0.862,0.14006,0.137859,0.0159676,-1.79676
0.863,0.139054,0.136861,0.0160262,-1.79517
0.864,0.138048,0.135862,0.0160856,-1.79356
0.865,0.137042,0.134864,0.0161458,-1.79194
0.866,0.136036,0.133866,0.016207,-1.7903
0.867,0.135029,0.132868,0.0162691,-1.78864
0.868,0.134023,0.131869,0.0163322,-1.78696
0.869,0.133017,0.130871,0.0163962,-1.78526
0.87,0.132011,0.129873,0.0164612,-1.78354
0.871,0.131005,0.128875,0.0165272,-1.7818
0.872,0.129998,0.127876,0.0165942,-1.78004
0.873,0.128992,0.126878,0.0166623,-1.77826
0.874,0.127986,0.12588,0.0167315,-1.77646
0.875,0.126979,0.124881,0.0168018,-1.77464
0.876,0.125973,0.123883,0.0168732,-1.7728
0.877,0.124967,0.122884,0.0169458,-1.77094
0.878,0.123961,0.121886,0.0170196,-1.76905
0.879,0.122954,0.120888,0.0170946,-1.76714
0.88,0.121948,0.119889,0.0171708,-1.76521
0.881,0.120941,0.118891,0.0172484,-1.76325
0.882,0.119935,0.117892,0.0173272,-1.76127
0.883,0.118929,0.116894,0.0174074,-1.75927
0.884,0.117922,0.115895,0.017489,-1.75724
0.885,0.116916,0.114897,0.017572,-1.75518
0.886,0.115909,0.113898,0.0176565,-1.7531
0.887,0.114903,0.1129,0.0177424,-1.75099
0.888,0.113896,0.111901,0.0178299,-1.74885
0.889,0.11289,0.110903,0.017919,-1.74669
0.89,0.111883,0.109904,0.0180097,-1.74449
0.891,0.110877,0.108905,0.018102,-1.74227
0.892,0.10987,0.107907,0.0181961,-1.74002
0.893,0.108864,0.106908,0.0182919,-1.73774
0.894,0.107857,0.10591,0.0183895,-1.73543
0.895,0.106851,0.104911,0.018489,-1.73309
0.896,0.105844,0.103912,0.0185905,-1.73071
0.897,0.104837,0.102914,0.0186938,-1.7283
0.898,0.103831,0.101915,0.0187992,-1.72586
0.899,0.102824,0.100916,0.0189067,-1.72338
0.9,0.101818,0.0999175,0.0190164,-1.72087
0.901,0.100811,0.0989187,0.0191283,-1.71832
0.902,0.0998042,0.09792,0.0192424,-1.71574
0.903,0.0987975,0.0969212,0.0193589,-1.71312
0.904,0.0977908,0.0959225,0.0194779,-1.71046
0.905,0.0967841,0.0949237,0.0195993,-1.70776
0.906,0.0957774,0.0939249,0.0197233,-1.70502
0.907,0.0947707,0.0929261,0.01985,-1.70224
0.908,0.093764,0.0919273,0.0199795,-1.69942
0.909,0.0927572,0.0909285,0.0201118,-1.69655
0.91,0.0917505,0.0899296,0.020247,-1.69364
0.911,0.0907437,0.0889308,0.0203853,-1.69068
0.912,0.0897369,0.087932,0.0205267,-1.68768
0.913,0.0887301,0.0869331,0.0206714,-1.68463
0.914,0.0877233,0.0859342,0.0208194,-1.68153
0.915,0.0867165,0.0849353,0.0209709,-1.67838
0.916,0.0857097,0.0839364,0.0211261,-1.67518
0.917,0.0847028,0.0829375,0.0212849,-1.67193
0.918,0.083696,0.0819386,0.0214477,-1.66862
0.919,0.0826891,0.0809397,0.0216145,-1.66526
0.92,0.0816823,0.0799407,0.0217854,-1.66183
0.921,0.0806754,0.0789418,0.0219607,-1.65835
0.922,0.0796685,0.0779428,0.0221404,-1.65481
0.923,0.0786616,0.0769439,0.0223249,-1.65121
0.924,0.0776547,0.0759449,0.0225142,-1.64754
0.925,0.0766478,0.0749459,0.0227085,-1.64381
0.926,0.0756409,0.0739469,0.0229081,-1.64001
0.927,0.0746339,0.0729479,0.0231132,-1.63614
0.928,0.073627,0.0719489,0.0233239,-1.6322
0.929,0.07262,0.0709498,0.0235406,-1.62818
0.93,0.0716131,0.0699508,0.0237635,-1.62409
0.931,0.0706061,0.0689518,0.0239929,-1.61992
0.932,0.0695991,0.0679527,0.024229,-1.61567
0.933,0.0685921,0.0669536,0.0244721,-1.61133
0.934,0.0675851,0.0659546,0.0247226,-1.60691
0.935,0.0665781,0.0649555,0.0249809,-1.60239
0.936,0.0655711,0.0639564,0.0252472,-1.59779
0.937,0.0645641,0.0629573,0.0255219,-1.59309
0.938,0.0635571,0.0619582,0.0258055,-1.58829
0.939,0.06255,0.0609591,0.0260985,-1.58339
0.94,0.061543,0.05996,0.0264012,-1.57838
0.941,0.0605359,0.0589608,0.0267141,-1.57326
0.942,0.0595288,0.0579617,0.0270378,-1.56803
0.943,0.0585218,0.0569625,0.0273729,-1.56268
0.944,0.0575147,0.0559634,0.02772,-1.55721
0.945,0.0565076,0.0549642,0.0280797,-1.55161
0.946,0.0555005,0.053965,0.0284527,-1.54588
0.947,0.0544934,0.0529659,0.0288398,-1.54001
0.948,0.0534863,0.0519667,0.0292418,-1.534
0.949,0.0524792,0.0509675,0.0296596,-1.52784
0.95,0.051472,0.0499683,0.030094,-1.52152
0.951,0.0504649,0.0489691,0.0305462,-1.51504
0.952,0.0494577,0.0479699,0.0310173,-1.5084
0.953,0.0484506,0.0469706,0.0315084,-1.50157
0.954,0.0474434,0.0459714,0.0320208,-1.49457
0.955,0.0464363,0.0449722,0.032556,-1.48737
0.956,0.0454291,0.0439729,0.0331156,-1.47997
0.957,0.0444219,0.0429737,0.0337012,-1.47236
0.958,0.0434147,0.0419744,0.0343146,-1.46452
0.959,0.0424075,0.0409751,0.034958,-1.45645
0.96,0.0414003,0.0399759,0.0356336,-1.44814
0.961,0.0403931,0.0389766,0.0363438,-1.43957
0.962,0.0393859,0.0379773,0.0370914,-1.43073
0.963,0.0383787,0.036978,0.0378794,-1.4216
0.964,0.0373715,0.0359787,0.0387112,-1.41216
0.965,0.0363642,0.0349794,0.0395905,-1.40241
0.966,0.035357,0.0339801,0.0405215,-1.39231
0.967,0.0343497,0.0329808,0.041509,-1.38186
0.968,0.0333425,0.0319814,0.0425582,-1.37102
0.969,0.0323352,0.0309821,0.0436751,-1.35977
0.97,0.031328,0.0299828,0.0448664,-1.34808
0.971,0.0303207,0.0289834,0.0461399,-1.33592
0.972,0.0293134,0.0279841,0.0475044,-1.32327
0.973,0.0283061,0.0269847,0.0489699,-1.31007
0.974,0.0272989,0.0259853,0.0505482,-1.29629
0.975,0.0262916,0.024986,0.0522528,-1.28189
0.976,0.0252843,0.0239866,0.0540994,-1.26681
0.977,0.0242769,0.0229872,0.0561065,-1.25099
0.978,0.0232696,0.0219878,0.0582962,-1.23436
0.979,0.0222623,0.0209884,0.0606944,-1.21685
0.98,0.021255,0.019989,0.0633324,-1.19837
0.981,0.0202477,0.0189896,0.0662481,-1.17883
0.982,0.0192403,0.0179902,0.0694878,-1.15809
0.983,0.018233,0.0169908,0.0731086,-1.13603
0.984,0.0172256,0.0159914,0.077182,-1.11248
0.985,0.0162183,0.014992,0.0817985,-1.08725
0.986,0.0152109,0.0139925,0.0870746,-1.06011
0.987,0.0142036,0.0129931,0.0931624,-1.03076
0.988,0.0131962,0.0119937,0.100265,-0.998852
0.989,0.0121888,0.0109942,0.108659,-0.963936
0.99,0.0111815,0.00999477,0.118731,-0.925436
0.991,0.0101741,0.00899532,0.131042,-0.88259
0.992,0.00916669,0.00799586,0.14643,-0.834369
0.993,0.0081593,0.00699639,0.166216,-0.779328
0.994,0.0071519,0.00599692,0.192596,-0.715353
0.995,0.0061445,0.00499745,0.229529,-0.639163
0.996,0.0051371,0.00399797,0.284928,-0.545266
0.997,0.00412969,0.00299848,0.377259,-0.42336
0.998,0.00312227,0.00199899,0.561922,-0.250324
0.999,0.00211485,0.000999498,1.11591,0.0476296
1.001,0.00110742,0,inf,inf
