10
sun 1.989E30 -6.309287221003585E-03 6.274979201349010E-03 9.502908051961120E-05 -7.109504379420315E-06 -5.315068713653484E-06 2.176641223475026E-07
earth 3.3E23 -2.718747154156747E-01 2.151181982110215E-01 4.152146313239320E-02 -2.313464906657490E-02 -2.096350136594121E-02 4.091258669222538E-04
jupiter 4.9E24 -6.449397650342752E-01 3.334328640148053E-01 4.143746191513094E-02 -9.316113243357009E-03 -1.810445395659432E-02 2.890265609167778E-04
pluto 6E24 6.194095965870895E-01 7.729645528961824E-01 5.500161062994556E-05 -1.361920911579094E-02 1.081491102924917E-02 1.079026328100506E-07
sun 6.6E23 1.126090726658973E+00 9.082932541799493E-01 -8.781481261345776E-03 -8.192588905204310E-03 1.213376427190709E-02 4.554103041654318E-04
sun 1.9E27 2.734769343636879E+00 -4.309131667893753E+00 -4.330854415563145E-02 6.277838036283119E-03 4.400258671778082E-03 -1.587540155463883E-04
sun 5.5E26 5.268633483364693E+00 -8.482676274288599E+00 -6.225801452146928E-02 4.428843477981901E-03 2.929774970505256E-03 -2.275457234922556E-04
sun 8.8E25 1.546562757761032E+01 1.232644378753114E+01 -1.545785311599790E-01 -2.480361093751934E-03 2.892450426196651E-03 4.283506680451155E-05
sun 1.03E26 2.942763206357194E+01 -5.378116072865759E+00 -5.674380464506026E-01 5.435203656446915E-04 3.106233410096177E-03 -7.685084220002230E-05
sun 1.31E22 1.391004131527148E+01 -3.118230814914850E+01 -6.869223713406478E-01 2.935638662877500E-03 5.960190027194446E-04 -9.239146112521481E-04
